40
60
0
0
11
0
8
0
77
120
26
1
114
0
0
0
0
5
5
0
0
0
0
0
0
101
0
28
11
14
0
62
23
0
67
3
71
0
13
0
0
0
0
0
0
20
20
22
41
56
56
71
20
20
20
20
20
20
20
20
20
20
20
20
23
27
27
27
27
27
32
82
85
73
73
73
70
20
24
70
71
71
71
34
20
20
64
64
79
60
60
20
20
20
20
20
22
22
22
0
0
0
0
3
3
0
0
0
3
10
10
10
10
0
0
0
0
0
63
73
73
0
0
62
82
82
77
77
77
67
67
0
0
0
0
0
0
0
79
79
0
0
0
0
0
0
0
0
0
0
12
18
18
0
0
14
14
14
0
0
1
1
1
0
0
0
0
20
20
0
0
0
0
0
0
0
0
0
0
0
0
0
80
95
95
24
24
24
24
24
0
0
0
0
0
0
0
0
0
0
20
20
20
22
20
20
21
51
53
10
13
13
0
0
0
0
0
0
0
18
18
18
0
0
0
0
0
0
0
0
0
0
0
0
0
1
4
26
47
76
35
35
